1  5  3  
2  4  6  
7  0  8  
->
1  5  3  
2  4  6  
7  8  0  
->
1  5  3  
2  4  0  
7  8  6  
->
1  5  3  
2  0  4  
7  8  6  
->
1  5  3  
0  2  4  
7  8  6  
->
1  5  3  
7  2  4  
0  8  6  
->
1  5  3  
7  2  4  
8  0  6  
->
1  5  3  
7  2  4  
8  6  0  
->
1  5  3  
7  2  0  
8  6  4  
->
1  5  3  
7  0  2  
8  6  4  
->
1  5  3  
7  6  2  
8  0  4  
->
1  5  3  
7  6  2  
8  4  0  
->
1  5  3  
7  6  0  
8  4  2  
->
1  5  3  
7  0  6  
8  4  2  
->
1  5  3  
7  4  6  
8  0  2  
->
1  5  3  
7  4  6  
8  2  0  
->
1  5  3  
7  4  0  
8  2  6  
->
1  5  3  
7  0  4  
8  2  6  
->
1  5  3  
7  2  4  
8  0  6  
->
1  5  3  
7  2  4  
0  8  6  
->
1  5  3  
0  2  4  
7  8  6  
->
1  5  3  
2  0  4  
7  8  6  
->
1  5  3  
2  4  0  
7  8  6  
->
1  5  3  
2  4  6  
7  8  0  
->
1  5  3  
2  4  6  
7  0  8  
->
1  5  3  
2  4  6  
0  7  8  
->
1  5  3  
0  4  6  
2  7  8  
->
1  5  3  
4  0  6  
2  7  8  
->
1  0  3  
4  5  6  
2  7  8  
->
1  3  0  
4  5  6  
2  7  8  
->
1  3  6  
4  5  0  
2  7  8  
->
1  3  6  
4  5  8  
2  7  0  
->
1  3  6  
4  5  8  
2  0  7  
->
1  3  6  
4  5  8  
0  2  7  
->
1  3  6  
0  5  8  
4  2  7  
->
1  3  6  
5  0  8  
4  2  7  
->
1  3  6  
5  2  8  
4  0  7  
->
1  3  6  
5  2  8  
4  7  0  
->
1  3  6  
5  2  0  
4  7  8  
->
1  3  0  
5  2  6  
4  7  8  
->
1  0  3  
5  2  6  
4  7  8  
->
1  2  3  
5  0  6  
4  7  8  
->
1  2  3  
0  5  6  
4  7  8  
->
1  2  3  
4  5  6  
0  7  8  
->
1  2  3 
4  5  6 
7  0  8 
->
1  2  3
4  5  6
7  8  0

Total steps is 45